  410    51    43    21 0.016667
  421    63    43    21 0.030303
   81    88    43    21 0.023256
  294    92    43    21 0.016129
  207    94    43    21 0.023810
   53    97    43    21 0.055556
  100   118    43    21 0.022727
  455   136    43    21 0.016949
  405   138    43    21 0.052632
   99   143    43    21 0.200000
  449   160    43    21 0.045455
  297   162    43    21 0.038462
  103   167    43    21 0.142857
  294   175    43    21 0.020833
  104   191    43    21 0.026316
  213   191    43    21 0.017544
   54   197    43    21 0.047619
   67   213    43    21 0.027778
  410   221    43    21 0.015385
   55   224    43    21 0.029412
  287   234    43    21 0.015873
  104   238    43    21 0.019231
  454   256    43    21 0.022222
  407   257    43    21 0.020000
   84   262    43    21 0.024390
   80   285    43    21 0.037037
  406   306    43    21 0.021277
   93   312    43    21 0.333333
  451   327    43    21 0.041667
   51   341    43    21 0.066667
  407   352    43    21 0.043478
  458   374    43    21 0.032258
  416   376    43    21 0.125000
   50   381    43    21 1.000000
   81   381    43    21 0.058824
  292   381    43    21 0.015625
  215   389    43    21 0.035714
  107   391    43    21 0.016393
  407   397    43    21 0.050000
  217   402    43    21 0.100000
  291   403    43    21 0.017857
  447   404    43    21 0.083333
  211   422    43    21 0.071429
  455   422    43    21 0.500000
  293   425    43    21 0.025641
   59   426    43    21 0.090909
  105   449    43    21 0.018868
   60   451    43    21 0.019608
  434   455    43    21 0.018182
   59   474    43    21 0.040000
  454   492    43    21 0.027027
   59   496    43    21 0.062500
  409   518    43    21 0.018519
  454   518    43    21 0.021739
  106   519    43    21 0.166667
   61   521    43    21 0.031250
  417   540    43    21 0.017241
   58   544    43    21 0.076923
   95   554    43    21 0.020408
  409   565    43    21 0.025000
   88   566    43    21 0.111111
   64   572    43    21 0.033333
  410   587    43    21 0.250000
   99   591    43    21 0.034483
   55   597    43    21 0.028571
