  232    71    23    43 0.125000
  270    74    23    43 0.071429
  365    76    23    43 0.062500
  390    77    23    43 0.037037
  468   111    23    43 0.038462
  270   125    23    43 0.034483
  397   206    23    43 0.066667
  432   213    23    43 0.100000
  468   220    23    43 0.090909
  169   225    23    43 0.041667
  190   255    23    43 0.030303
  328   255    23    43 0.052632
  462   354    23    43 0.035714
  273   375    23    43 0.031250
  395   394    23    43 0.045455
  433   394    23    43 0.050000
  351   398    23    43 0.040000
  409   500    23    43 0.083333
  189   502    23    43 0.043478
  188   537    23    43 0.055556
  454   537    23    43 0.076923
  494   651    23    43 0.047619
  192   776    23    43 0.028571
  472   796    23    43 0.033333
  456   841    23    43 0.142857
  299   847    23    43 0.029412
  364   966    23    43 0.032258
  435   966    23    43 0.333333
  267   973    23    43 0.166667
  472   985    23    43 0.250000
  416  1002    23    43 0.200000
  351  1159    23    43 0.111111
  451  1164    23    43 1.000000
  402  1167    23    43 0.058824
  437  1167    23    43 0.500000
