  163    38    37    21
1.934338e-01    52    48    37
   21 7.544246e-01   199    68
   37    21 3.462607e-01   306
   69    37    21 4.186254e-01
  198    93    37    21
1.557198e-01   311   133    37
   21 8.190006e-01   195   136
   37    21 6.249235e-01   289
  136    37    21 7.385604e-01
  195   138    37    21
8.051124e-01   289   159    37
   21 6.722266e-02   311   199
   37    21 9.507903e-01   273
  224    37    21 4.975770e-01
  304   248    37    21
7.551459e-01   313   363    37
   21 7.424051e-01   317   609
   37    21 8.311296e-01   313
  657    37    21 1.565018e-01
  316   714    37    21
4.573087e-01   319   765    37
   21 6.181005e-01   284   800
   37    21 9.321834e-01   286
  809    37    21 8.350882e-01
  318   810    37    21
8.954235e-01   283   851    37
   21 5.825185e-01   287   864
   37    21 5.827468e-01   308
  870    37    21 8.549259e-01
  287   878    37    21
3.486570e-02 